1400.000000 -24.091429
-0.0914
-8.0914
12.9086
11.9086
8.9086
19.9086
-9.0914
-19.0914
-10.0914
-3.0914
5.9086
-16.0914
-7.0914
2.9086
-18.0914
-12.0914
7.9086
-22.0914
2.9086
5.9086
6.9086
8.9086
-12.0914
-10.0914
-5.0914
3.9086
-4.0914
1.9086
10.9086
-20.0914
-19.0914
12.9086
-10.0914
-15.0914
-11.0914
21.9086
-15.0914
5.9086
-10.0914
-5.0914
20.9086
20.9086
-3.0914
21.9086
-17.0914
-6.0914
19.9086
-17.0914
1.9086
21.9086
-2.0914
-2.0914
-7.0914
-0.0914
13.9086
-7.0914
-5.0914
5.9086
10.9086
8.9086
14.9086
16.9086
-10.0914
-10.0914
-4.0914
-24.0914
-9.0914
15.9086
7.9086
17.9086
23.9086
-1.0914
22.9086
-1.0914
9.9086
14.9086
-15.0914
9.9086
-8.0914
-16.0914
14.9086
-18.0914
-5.0914
-14.0914
-20.0914
6.9086
6.9086
-8.0914
-21.0914
-7.0914
12.9086
4.9086
-7.0914
-20.0914
-14.0914
-11.0914
12.9086
14.9086
22.9086
1.9086
-13.0914
-23.0914
14.9086
-15.0914
-11.0914
-18.0914
13.9086
11.9086
0.9086
-9.0914
-3.0914
23.9086
-14.0914
-10.0914
15.9086
12.9086
-23.0914
-10.0914
11.9086
6.9086
16.9086
0.9086
-22.0914
22.9086
-1.0914
8.9086
3.9086
-19.0914
-0.0914
-14.0914
-11.0914
12.9086
-18.0914
-23.0914
4.9086
-22.0914
-8.0914
11.9086
2.9086
7.9086
10.9086
-13.0914
-10.0914
-16.0914
-22.0914
10.9086
-17.0914
15.9086
3.9086
-6.0914
13.9086
13.9086
20.9086
-19.0914
22.9086
-20.0914
4.9086
-1.0914
6.9086
-0.0914
21.9086
-11.0914
-9.0914
-6.0914
7.9086
1.9086
-13.0914
13.9086
-9.0914
-20.0914
4.9086
-11.0914
-6.0914
-19.0914
12.9086
-7.0914
-1.0914
-19.0914
0.9086
11.9086
-23.0914
7.9086
18.9086
8.9086
-15.0914
1.9086
-8.0914
-4.0914
-24.0914
0.9086
-11.0914
-7.0914
16.9086
15.9086
-13.0914
-19.0914
15.9086
-1.0914
2.9086
9.9086
23.9086
8.9086
9.9086
6.9086
17.9086
-8.0914
4.9086
-6.0914
4.9086
7.9086
-6.0914
17.9086
16.9086
20.9086
6.9086
-3.0914
-17.0914
11.9086
2.9086
-18.0914
23.9086
16.9086
-18.0914
10.9086
-21.0914
-19.0914
-16.0914
-12.0914
21.9086
11.9086
-9.0914
-22.0914
-17.0914
6.9086
8.9086
5.9086
-15.0914
10.9086
9.9086
20.9086
9.9086
22.9086
14.9086
17.9086
-19.0914
14.9086
1.9086
-7.0914
6.9086
-17.0914
-5.0914
-8.0914
22.9086
2.9086
11.9086
-17.0914
0.9086
-15.0914
-8.0914
22.9086
-10.0914
5.9086
21.9086
-21.0914
18.9086
-5.0914
12.9086
-2.0914
8.9086
-24.0914
-6.0914
-8.0914
0.9086
21.9086
-21.0914
-17.0914
-8.0914
1.9086
17.9086
-1.0914
-1.0914
-18.0914
22.9086
8.9086
-1.0914
-5.0914
5.9086
-24.0914
-3.0914
5.9086
7.9086
18.9086
17.9086
21.9086
-9.0914
-13.0914
11.9086
-3.0914
11.9086
-24.0914
-11.0914
13.9086
14.9086
9.9086
-21.0914
-16.0914
-0.0914
11.9086
-17.0914
20.9086
-14.0914
14.9086
-6.0914
15.9086
-23.0914
-10.0914
20.9086
23.9086
-18.0914
23.9086
3.9086
19.9086
13.9086
-5.0914
19.9086
-2.0914
13.9086
11.9086
8.9086
6.9086
6.9086
19.9086
-2.0914
-5.0914
-22.0914
-24.0914
0.9086
11.9086
-22.0914
-18.0914
5.9086
16.9086
-7.0914
17.9086
1.9086
-11.0914
0.9086
13.9086
-12.0914
-5.0914
9.9086
-20.0914
16.9086
-8.0914
-11.0914
4.9086
6.9086
-23.0914
6.9086
-15.0914
9.9086
15.9086
-2.0914
-7.0914
15.9086
-18.0914
3.9086
11.9086
2.9086
-20.0914
6.9086
8.9086
-8.0914
-23.0914
-4.0914
-5.0914
19.9086
1.9086
6.9086
19.9086
-21.0914
15.9086
3.9086
9.9086
-16.0914
-14.0914
9.9086
13.9086
21.9086
-11.0914
-14.0914
-4.0914
-6.0914
-9.0914
-15.0914
16.9086
-8.0914
21.9086
-1.0914
-4.0914
-10.0914
3.9086
-11.0914
-23.0914
-14.0914
-22.0914
1.9086
-8.0914
-2.0914
-17.0914
-21.0914
20.9086
-12.0914
7.9086
23.9086
-20.0914
1.9086
4.9086
11.9086
6.9086
17.9086
-21.0914
-13.0914
9.9086
16.9086
-1.0914
22.9086
6.9086
-22.0914
1.9086
8.9086
7.9086
22.9086
-4.0914
-2.0914
-10.0914
2.9086
14.9086
10.9086
-1.0914
-5.0914
-12.0914
-22.0914
-18.0914
14.9086
-16.0914
5.9086
7.9086
-0.0914
5.9086
6.9086
-23.0914
-21.0914
-11.0914
13.9086
18.9086
20.9086
-0.0914
-4.0914
15.9086
-12.0914
-9.0914
-19.0914
-9.0914
5.9086
-10.0914
-18.0914
-0.0914
2.9086
19.9086
8.9086
-7.0914
10.9086
0.9086
21.9086
20.9086
16.9086
22.9086
-5.0914
-19.0914
15.9086
12.9086
20.9086
5.9086
8.9086
-20.0914
-9.0914
-9.0914
9.9086
-4.0914
17.9086
9.9086
-4.0914
-12.0914
-15.0914
-7.0914
0.9086
8.9086
23.9086
-22.0914
-1.0914
-5.0914
7.9086
15.9086
-17.0914
-9.0914
-1.0914
-6.0914
22.9086
9.9086
-5.0914
-10.0914
-19.0914
-0.0914
3.9086
7.9086
-0.0914
-6.0914
-7.0914
-7.0914
22.9086
17.9086
18.9086
20.9086
-5.0914
-2.0914
-17.0914
-4.0914
-13.0914
-19.0914
3.9086
-24.0914
-19.0914
9.9086
-1.0914
7.9086
-5.0914
22.9086
1.9086
7.9086
1.9086
-7.0914
5.9086
19.9086
-17.0914
-6.0914
11.9086
-20.0914
-3.0914
23.9086
-20.0914
-21.0914
19.9086
-15.0914
-2.0914
-1.0914
-8.0914
-15.0914
-15.0914
12.9086
1.9086
-8.0914
16.9086
-19.0914
2.9086
8.9086
19.9086
8.9086
-2.0914
4.9086
-9.0914
-12.0914
-7.0914
-18.0914
5.9086
-22.0914
17.9086
-6.0914
4.9086
9.9086
-20.0914
-1.0914
-0.0914
-15.0914
-24.0914
1.9086
14.9086
-20.0914
5.9086
18.9086
-11.0914
-13.0914
8.9086
-1.0914
-24.0914
-17.0914
9.9086
-19.0914
-19.0914
-17.0914
-14.0914
-15.0914
-21.0914
20.9086
-9.0914
18.9086
3.9086
2.9086
-14.0914
-18.0914
16.9086
-1.0914
15.9086
-12.0914
14.9086
-10.0914
-19.0914
-17.0914
4.9086
21.9086
18.9086
-10.0914
7.9086
-15.0914
-17.0914
-20.0914
4.9086
-24.0914
13.9086
23.9086
13.9086
-13.0914
-6.0914
-4.0914
7.9086
15.9086
-17.0914
-21.0914
16.9086
-2.0914
-14.0914
14.9086
-5.0914
4.9086
1.9086
-0.0914
23.9086
-22.0914
19.9086
14.9086
12.9086
-10.0914
1.9086
-12.0914
4.9086
6.9086
6.9086
-22.0914
23.9086
-12.0914
10.9086
7.9086
-8.0914
0.9086
23.9086
20.9086
9.9086
6.9086
3.9086
-7.0914
-5.0914
9.9086
22.9086
-5.0914
1.9086
16.9086
-24.0914
-9.0914
-8.0914
19.9086
-11.0914
18.9086
18.9086
23.9086
-8.0914
-18.0914
16.9086
-1.0914
-11.0914
-3.0914
-13.0914
-11.0914
-12.0914
20.9086
-11.0914
-9.0914
3.9086
-18.0914
18.9086
-21.0914
9.9086
-5.0914
-18.0914
-11.0914
11.9086
-4.0914
-7.0914
-7.0914
-23.0914
-12.0914
22.9086
-23.0914
-1.0914
-23.0914
12.9086
18.9086
-1.0914
15.9086
7.9086
12.9086
-20.0914
-24.0914
-0.0914
23.9086
-9.0914
-22.0914
-2.0914
-1.0914
22.9086
7.9086
-9.0914
10.9086
-24.0914
9.9086
7.9086
12.9086
11.9086
15.9086
-12.0914
-6.0914
11.9086
22.9086
2.9086
16.9086
-7.0914
16.9086
11.9086
-0.0914
22.9086
-15.0914
-22.0914
-5.0914
-0.0914
12.9086
-9.0914
21.9086
-2.0914
-9.0914
-4.0914
-13.0914
-17.0914
-12.0914
4.9086
-13.0914
23.9086
-17.0914
-7.0914
5.9086
14.9086
-20.0914
-23.0914
-15.0914
-1.0914
-10.0914
6.9086
12.9086
-3.0914
7.9086
20.9086
-8.0914
-9.0914
-21.0914
-4.0914
11.9086
5.9086
-1.0914
-7.0914
-22.0914
-7.0914
3.9086
-3.0914
2.9086
4.9086
3.9086
-13.0914
-0.0914
-18.0914
-22.0914
21.9086
11.9086
-7.0914
16.9086
20.9086
-2.0914
13.9086
-8.0914
4.9086
18.9086
8.9086
-19.0914
-8.0914
16.9086
-3.0914
-13.0914
12.9086
-14.0914
-20.0914
-10.0914
18.9086
23.9086
20.9086
-8.0914
16.9086
-8.0914
-16.0914
-22.0914
-24.0914
-23.0914
-11.0914
-23.0914
-11.0914
-20.0914
1.9086
-14.0914
10.9086
7.9086
-6.0914
2.9086
-3.0914
-17.0914
9.9086
-15.0914
9.9086
-6.0914
10.9086
-23.0914
21.9086
-9.0914
-23.0914
6.9086
19.9086
6.9086
-22.0914
-2.0914
6.9086
-18.0914
-5.0914
-19.0914
22.9086
16.9086
5.9086
11.9086
-10.0914
15.9086
-0.0914
-7.0914
-21.0914
7.9086
-18.0914
19.9086
7.9086
-19.0914
-22.0914
13.9086
-10.0914
-3.0914
-21.0914
1.9086
6.9086
-13.0914
21.9086
-18.0914
-13.0914
-8.0914
5.9086
1.9086
3.9086
-5.0914
-5.0914
-2.0914
-19.0914
23.9086
-8.0914
-17.0914
15.9086
-7.0914
-22.0914
-19.0914
13.9086
6.9086
-16.0914
-15.0914
-18.0914
-17.0914
6.9086
-14.0914
21.9086
8.9086
-22.0914
-7.0914
-19.0914
-17.0914
9.9086
18.9086
-19.0914
20.9086
-18.0914
-15.0914
-18.0914
6.9086
11.9086
-4.0914
14.9086
-7.0914
-7.0914
-13.0914
7.9086
12.9086
-11.0914
18.9086
-24.0914
11.9086
5.9086
22.9086
5.9086
-13.0914
-5.0914
13.9086
-2.0914
6.9086
-2.0914
-13.0914
-23.0914
-2.0914
-0.0914
23.9086
-3.0914
22.9086
-22.0914
-24.0914
-21.0914
1.9086
23.9086
-1.0914
6.9086
8.9086
-10.0914
-19.0914
7.9086
-21.0914
22.9086
-17.0914
14.9086
-15.0914
-3.0914
9.9086
-14.0914
-18.0914
14.9086
-0.0914
-18.0914
-19.0914
12.9086
2.9086
-11.0914
-14.0914
14.9086
-6.0914
15.9086
16.9086
22.9086
-9.0914
-17.0914
5.9086
8.9086
3.9086
-24.0914
-16.0914
-7.0914
11.9086
17.9086
3.9086
12.9086
-2.0914
20.9086
21.9086
-4.0914
-16.0914
15.9086
4.9086
18.9086
22.9086
0.9086
10.9086
23.9086
-17.0914
-0.0914
-7.0914
-6.0914
-12.0914
-15.0914
2.9086
2.9086
-13.0914
-10.0914
16.9086
1.9086
20.9086
13.9086
11.9086
19.9086
-21.0914
15.9086
9.9086
20.9086
22.9086
-18.0914
10.9086
22.9086
-23.0914
-10.0914
20.9086
-6.0914
7.9086
-19.0914
18.9086
-5.0914
13.9086
-16.0914
-14.0914
13.9086
-9.0914
-14.0914
22.9086
-16.0914
7.9086
16.9086
-6.0914
-0.0914
-12.0914
0.9086
19.9086
18.9086
13.9086
9.9086
-16.0914
-11.0914
13.9086
-0.0914
20.9086
21.9086
20.9086
-9.0914
-4.0914
-17.0914
6.9086
-1.0914
23.9086
-6.0914
-12.0914
23.9086
8.9086
15.9086
2.9086
-10.0914
-10.0914
-19.0914
-18.0914
-3.0914
17.9086
-3.0914
-2.0914
14.9086
8.9086
-24.0914
-13.0914
-20.0914
12.9086
19.9086
13.9086
10.9086
2.9086
13.9086
9.9086
-8.0914
-21.0914
0.9086
18.9086
10.9086
-0.0914
2.9086
18.9086
2.9086
-19.0914
-4.0914
-21.0914
-4.0914
22.9086
-4.0914
3.9086
15.9086
7.9086
7.9086
8.9086
-8.0914
20.9086
-24.0914
-7.0914
-9.0914
21.9086
18.9086
-24.0914
0.9086
1.9086
-21.0914
-19.0914
13.9086
12.9086
-20.0914
-20.0914
-12.0914
-0.0914
-18.0914
-4.0914
-15.0914
19.9086
14.9086
20.9086
0.9086
-0.0914
13.9086
-17.0914
-10.0914
11.9086
22.9086
7.9086
-6.0914
8.9086
2.9086
-14.0914
-20.0914
5.9086
-22.0914
15.9086
-7.0914
-22.0914
-0.0914
-11.0914
5.9086
22.9086
1.9086
22.9086
12.9086
-1.0914
-2.0914
-4.0914
-2.0914
22.9086
5.9086
22.9086
-7.0914
-23.0914
23.9086
-22.0914
-11.0914
-1.0914
20.9086
-4.0914
3.9086
3.9086
-15.0914
-12.0914
-9.0914
-17.0914
-19.0914
-15.0914
-15.0914
11.9086
22.9086
10.9086
19.9086
-7.0914
6.9086
22.9086
13.9086
2.9086
13.9086
-1.0914
14.9086
-21.0914
-3.0914
9.9086
-4.0914
-3.0914
-17.0914
21.9086
-1.0914
7.9086
-0.0914
-11.0914
12.9086
18.9086
-15.0914
-14.0914
6.9086
-19.0914
5.9086
0.9086
-1.0914
13.9086
-4.0914
1.9086
18.9086
21.9086
-16.0914
22.9086
-0.0914
-9.0914
-10.0914
20.9086
-13.0914
1.9086
19.9086
-23.0914
-7.0914
-20.0914
9.9086
-4.0914
-11.0914
-20.0914
1.9086
17.9086
6.9086
-15.0914
7.9086
16.9086
5.9086
-18.0914
-4.0914
-3.0914
3.9086
6.9086
-12.0914
21.9086
-4.0914
19.9086
-1.0914
-21.0914
17.9086
8.9086
-9.0914
21.9086
10.9086
-0.0914
-15.0914
-0.0914
12.9086
19.9086
-11.0914
-8.0914
11.9086
-24.0914
19.9086
-7.0914
-8.0914
14.9086
-13.0914
-14.0914
-20.0914
8.9086
-8.0914
15.9086
-2.0914
15.9086
-0.0914
-18.0914
-9.0914
4.9086
-13.0914
-24.0914
0.9086
12.9086
-22.0914
-17.0914
-18.0914
4.9086
22.9086
-16.0914
-19.0914
18.9086
-0.0914
-17.0914
-7.0914
-8.0914
-22.0914
17.9086
-9.0914
-7.0914
23.9086
19.9086
-12.0914
22.9086
-16.0914
-17.0914
-18.0914
10.9086
-7.0914
2.9086
20.9086
19.9086
-10.0914
-5.0914
-10.0914
14.9086
23.9086
-16.0914
4.9086
-4.0914
-24.0914
19.9086
22.9086
-16.0914
-0.0914
17.9086
-14.0914
8.9086
3.9086
15.9086
23.9086
23.9086
-20.0914
-12.0914
19.9086
-15.0914
2.9086
-1.0914
3.9086
-20.0914
20.9086
22.9086
13.9086
15.9086
2.9086
22.9086
-0.0914
10.9086
-9.0914
5.9086
8.9086
-15.0914
5.9086
1.9086
7.9086
22.9086
-11.0914
-6.0914
19.9086
15.9086
-7.0914
-22.0914
-8.0914
5.9086
16.9086
15.9086
2.9086
-20.0914
-23.0914
18.9086
-15.0914
18.9086
-17.0914
6.9086
-10.0914
-2.0914
-2.0914
14.9086
4.9086
-3.0914
8.9086
-8.0914
21.9086
-7.0914
-0.0914
17.9086
-17.0914
-15.0914
-15.0914
-9.0914
-3.0914
-17.0914
