123.000000 0.008197
0.0000
0.0082
0.0164
0.0246
0.0328
0.0410
0.0492
0.0574
0.0656
0.0738
0.0820
0.0902
0.0984
0.1066
0.1148
0.1230
0.1311
0.1393
0.1475
0.1557
0.1639
0.1721
0.1803
0.1885
0.1967
0.2049
0.2131
0.2213
0.2295
0.2377
0.2459
0.2541
0.2623
0.2705
0.2787
0.2869
0.2951
0.3033
0.3115
0.3197
0.3279
0.3361
0.3443
0.3525
0.3607
0.3689
0.3770
0.3852
0.3934
0.4016
0.4098
0.4180
0.4262
0.4344
0.4426
0.4508
0.4590
0.4672
0.4754
0.4836
0.4918
0.5000
0.5082
0.5164
0.5246
0.5328
0.5410
0.5492
0.5574
0.5656
0.5738
0.5820
0.5902
0.5984
0.6066
0.6148
0.6230
0.6311
0.6393
0.6475
0.6557
0.6639
0.6721
0.6803
0.6885
0.6967
0.7049
0.7131
0.7213
0.7295
0.7377
0.7459
0.7541
0.7623
0.7705
0.7787
0.7869
0.7951
0.8033
0.8115
0.8197
0.8279
0.8361
0.8443
0.8525
0.8607
0.8689
0.8770
0.8852
0.8934
0.9016
0.9098
0.9180
0.9262
0.9344
0.9426
0.9508
0.9590
0.9672
0.9754
0.9836
0.9918
1.0000
