1400.000000 3.000000
72.0000
48.0000
111.0000
108.0000
99.0000
132.0000
45.0000
15.0000
42.0000
63.0000
90.0000
24.0000
51.0000
81.0000
18.0000
36.0000
96.0000
6.0000
81.0000
90.0000
93.0000
99.0000
36.0000
42.0000
57.0000
84.0000
60.0000
78.0000
105.0000
12.0000
15.0000
111.0000
42.0000
27.0000
39.0000
138.0000
27.0000
90.0000
42.0000
57.0000
135.0000
135.0000
63.0000
138.0000
21.0000
54.0000
132.0000
21.0000
78.0000
138.0000
66.0000
66.0000
51.0000
72.0000
114.0000
51.0000
57.0000
90.0000
105.0000
99.0000
117.0000
123.0000
42.0000
42.0000
60.0000
0.0000
45.0000
120.0000
96.0000
126.0000
144.0000
69.0000
141.0000
69.0000
102.0000
117.0000
27.0000
102.0000
48.0000
24.0000
117.0000
18.0000
57.0000
30.0000
12.0000
93.0000
93.0000
48.0000
9.0000
51.0000
111.0000
87.0000
51.0000
12.0000
30.0000
39.0000
111.0000
117.0000
141.0000
78.0000
33.0000
3.0000
117.0000
27.0000
39.0000
18.0000
114.0000
108.0000
75.0000
45.0000
63.0000
144.0000
30.0000
42.0000
120.0000
111.0000
3.0000
42.0000
108.0000
93.0000
123.0000
75.0000
6.0000
141.0000
69.0000
99.0000
84.0000
15.0000
72.0000
30.0000
39.0000
111.0000
18.0000
3.0000
87.0000
6.0000
48.0000
108.0000
81.0000
96.0000
105.0000
33.0000
42.0000
24.0000
6.0000
105.0000
21.0000
120.0000
84.0000
54.0000
114.0000
114.0000
135.0000
15.0000
141.0000
12.0000
87.0000
69.0000
93.0000
72.0000
138.0000
39.0000
45.0000
54.0000
96.0000
78.0000
33.0000
114.0000
45.0000
12.0000
87.0000
39.0000
54.0000
15.0000
111.0000
51.0000
69.0000
15.0000
75.0000
108.0000
3.0000
96.0000
129.0000
99.0000
27.0000
78.0000
48.0000
60.0000
0.0000
75.0000
39.0000
51.0000
123.0000
120.0000
33.0000
15.0000
120.0000
69.0000
81.0000
102.0000
144.0000
99.0000
102.0000
93.0000
126.0000
48.0000
87.0000
54.0000
87.0000
96.0000
54.0000
126.0000
123.0000
135.0000
93.0000
63.0000
21.0000
108.0000
81.0000
18.0000
144.0000
123.0000
18.0000
105.0000
9.0000
15.0000
24.0000
36.0000
138.0000
108.0000
45.0000
6.0000
21.0000
93.0000
99.0000
90.0000
27.0000
105.0000
102.0000
135.0000
102.0000
141.0000
117.0000
126.0000
15.0000
117.0000
78.0000
51.0000
93.0000
21.0000
57.0000
48.0000
141.0000
81.0000
108.0000
21.0000
75.0000
27.0000
48.0000
141.0000
42.0000
90.0000
138.0000
9.0000
129.0000
57.0000
111.0000
66.0000
99.0000
0.0000
54.0000
48.0000
75.0000
138.0000
9.0000
21.0000
48.0000
78.0000
126.0000
69.0000
69.0000
18.0000
141.0000
99.0000
69.0000
57.0000
90.0000
0.0000
63.0000
90.0000
96.0000
129.0000
126.0000
138.0000
45.0000
33.0000
108.0000
63.0000
108.0000
0.0000
39.0000
114.0000
117.0000
102.0000
9.0000
24.0000
72.0000
108.0000
21.0000
135.0000
30.0000
117.0000
54.0000
120.0000
3.0000
42.0000
135.0000
144.0000
18.0000
144.0000
84.0000
132.0000
114.0000
57.0000
132.0000
66.0000
114.0000
108.0000
99.0000
93.0000
93.0000
132.0000
66.0000
57.0000
6.0000
0.0000
75.0000
108.0000
6.0000
18.0000
90.0000
123.0000
51.0000
126.0000
78.0000
39.0000
75.0000
114.0000
36.0000
57.0000
102.0000
12.0000
123.0000
48.0000
39.0000
87.0000
93.0000
3.0000
93.0000
27.0000
102.0000
120.0000
66.0000
51.0000
120.0000
18.0000
84.0000
108.0000
81.0000
12.0000
93.0000
99.0000
48.0000
3.0000
60.0000
57.0000
132.0000
78.0000
93.0000
132.0000
9.0000
120.0000
84.0000
102.0000
24.0000
30.0000
102.0000
114.0000
138.0000
39.0000
30.0000
60.0000
54.0000
45.0000
27.0000
123.0000
48.0000
138.0000
69.0000
60.0000
42.0000
84.0000
39.0000
3.0000
30.0000
6.0000
78.0000
48.0000
66.0000
21.0000
9.0000
135.0000
36.0000
96.0000
144.0000
12.0000
78.0000
87.0000
108.0000
93.0000
126.0000
9.0000
33.0000
102.0000
123.0000
69.0000
141.0000
93.0000
6.0000
78.0000
99.0000
96.0000
141.0000
60.0000
66.0000
42.0000
81.0000
117.0000
105.0000
69.0000
57.0000
36.0000
6.0000
18.0000
117.0000
24.0000
90.0000
96.0000
72.0000
90.0000
93.0000
3.0000
9.0000
39.0000
114.0000
129.0000
135.0000
72.0000
60.0000
120.0000
36.0000
45.0000
15.0000
45.0000
90.0000
42.0000
18.0000
72.0000
81.0000
132.0000
99.0000
51.0000
105.0000
75.0000
138.0000
135.0000
123.0000
141.0000
57.0000
15.0000
120.0000
111.0000
135.0000
90.0000
99.0000
12.0000
45.0000
45.0000
102.0000
60.0000
126.0000
102.0000
60.0000
36.0000
27.0000
51.0000
75.0000
99.0000
144.0000
6.0000
69.0000
57.0000
96.0000
120.0000
21.0000
45.0000
69.0000
54.0000
141.0000
102.0000
57.0000
42.0000
15.0000
72.0000
84.0000
96.0000
72.0000
54.0000
51.0000
51.0000
141.0000
126.0000
129.0000
135.0000
57.0000
66.0000
21.0000
60.0000
33.0000
15.0000
84.0000
0.0000
15.0000
102.0000
69.0000
96.0000
57.0000
141.0000
78.0000
96.0000
78.0000
51.0000
90.0000
132.0000
21.0000
54.0000
108.0000
12.0000
63.0000
144.0000
12.0000
9.0000
132.0000
27.0000
66.0000
69.0000
48.0000
27.0000
27.0000
111.0000
78.0000
48.0000
123.0000
15.0000
81.0000
99.0000
132.0000
99.0000
66.0000
87.0000
45.0000
36.0000
51.0000
18.0000
90.0000
6.0000
126.0000
54.0000
87.0000
102.0000
12.0000
69.0000
72.0000
27.0000
0.0000
78.0000
117.0000
12.0000
90.0000
129.0000
39.0000
33.0000
99.0000
69.0000
0.0000
21.0000
102.0000
15.0000
15.0000
21.0000
30.0000
27.0000
9.0000
135.0000
45.0000
129.0000
84.0000
81.0000
30.0000
18.0000
123.0000
69.0000
120.0000
36.0000
117.0000
42.0000
15.0000
21.0000
87.0000
138.0000
129.0000
42.0000
96.0000
27.0000
21.0000
12.0000
87.0000
0.0000
114.0000
144.0000
114.0000
33.0000
54.0000
60.0000
96.0000
120.0000
21.0000
9.0000
123.0000
66.0000
30.0000
117.0000
57.0000
87.0000
78.0000
72.0000
144.0000
6.0000
132.0000
117.0000
111.0000
42.0000
78.0000
36.0000
87.0000
93.0000
93.0000
6.0000
144.0000
36.0000
105.0000
96.0000
48.0000
75.0000
144.0000
135.0000
102.0000
93.0000
84.0000
51.0000
57.0000
102.0000
141.0000
57.0000
78.0000
123.0000
0.0000
45.0000
48.0000
132.0000
39.0000
129.0000
129.0000
144.0000
48.0000
18.0000
123.0000
69.0000
39.0000
63.0000
33.0000
39.0000
36.0000
135.0000
39.0000
45.0000
84.0000
18.0000
129.0000
9.0000
102.0000
57.0000
18.0000
39.0000
108.0000
60.0000
51.0000
51.0000
3.0000
36.0000
141.0000
3.0000
69.0000
3.0000
111.0000
129.0000
69.0000
120.0000
96.0000
111.0000
12.0000
0.0000
72.0000
144.0000
45.0000
6.0000
66.0000
69.0000
141.0000
96.0000
45.0000
105.0000
0.0000
102.0000
96.0000
111.0000
108.0000
120.0000
36.0000
54.0000
108.0000
141.0000
81.0000
123.0000
51.0000
123.0000
108.0000
72.0000
141.0000
27.0000
6.0000
57.0000
72.0000
111.0000
45.0000
138.0000
66.0000
45.0000
60.0000
33.0000
21.0000
36.0000
87.0000
33.0000
144.0000
21.0000
51.0000
90.0000
117.0000
12.0000
3.0000
27.0000
69.0000
42.0000
93.0000
111.0000
63.0000
96.0000
135.0000
48.0000
45.0000
9.0000
60.0000
108.0000
90.0000
69.0000
51.0000
6.0000
51.0000
84.0000
63.0000
81.0000
87.0000
84.0000
33.0000
72.0000
18.0000
6.0000
138.0000
108.0000
51.0000
123.0000
135.0000
66.0000
114.0000
48.0000
87.0000
129.0000
99.0000
15.0000
48.0000
123.0000
63.0000
33.0000
111.0000
30.0000
12.0000
42.0000
129.0000
144.0000
135.0000
48.0000
123.0000
48.0000
24.0000
6.0000
0.0000
3.0000
39.0000
3.0000
39.0000
12.0000
78.0000
30.0000
105.0000
96.0000
54.0000
81.0000
63.0000
21.0000
102.0000
27.0000
102.0000
54.0000
105.0000
3.0000
138.0000
45.0000
3.0000
93.0000
132.0000
93.0000
6.0000
66.0000
93.0000
18.0000
57.0000
15.0000
141.0000
123.0000
90.0000
108.0000
42.0000
120.0000
72.0000
51.0000
9.0000
96.0000
18.0000
132.0000
96.0000
15.0000
6.0000
114.0000
42.0000
63.0000
9.0000
78.0000
93.0000
33.0000
138.0000
18.0000
33.0000
48.0000
90.0000
78.0000
84.0000
57.0000
57.0000
66.0000
15.0000
144.0000
48.0000
21.0000
120.0000
51.0000
6.0000
15.0000
114.0000
93.0000
24.0000
27.0000
18.0000
21.0000
93.0000
30.0000
138.0000
99.0000
6.0000
51.0000
15.0000
21.0000
102.0000
129.0000
15.0000
135.0000
18.0000
27.0000
18.0000
93.0000
108.0000
60.0000
117.0000
51.0000
51.0000
33.0000
96.0000
111.0000
39.0000
129.0000
0.0000
108.0000
90.0000
141.0000
90.0000
33.0000
57.0000
114.0000
66.0000
93.0000
66.0000
33.0000
3.0000
66.0000
72.0000
144.0000
63.0000
141.0000
6.0000
0.0000
9.0000
78.0000
144.0000
69.0000
93.0000
99.0000
42.0000
15.0000
96.0000
9.0000
141.0000
21.0000
117.0000
27.0000
63.0000
102.0000
30.0000
18.0000
117.0000
72.0000
18.0000
15.0000
111.0000
81.0000
39.0000
30.0000
117.0000
54.0000
120.0000
123.0000
141.0000
45.0000
21.0000
90.0000
99.0000
84.0000
0.0000
24.0000
51.0000
108.0000
126.0000
84.0000
111.0000
66.0000
135.0000
138.0000
60.0000
24.0000
120.0000
87.0000
129.0000
141.0000
75.0000
105.0000
144.0000
21.0000
72.0000
51.0000
54.0000
36.0000
27.0000
81.0000
81.0000
33.0000
42.0000
123.0000
78.0000
135.0000
114.0000
108.0000
132.0000
9.0000
120.0000
102.0000
135.0000
141.0000
18.0000
105.0000
141.0000
3.0000
42.0000
135.0000
54.0000
96.0000
15.0000
129.0000
57.0000
114.0000
24.0000
30.0000
114.0000
45.0000
30.0000
141.0000
24.0000
96.0000
123.0000
54.0000
72.0000
36.0000
75.0000
132.0000
129.0000
114.0000
102.0000
24.0000
39.0000
114.0000
72.0000
135.0000
138.0000
135.0000
45.0000
60.0000
21.0000
93.0000
69.0000
144.0000
54.0000
36.0000
144.0000
99.0000
120.0000
81.0000
42.0000
42.0000
15.0000
18.0000
63.0000
126.0000
63.0000
66.0000
117.0000
99.0000
0.0000
33.0000
12.0000
111.0000
132.0000
114.0000
105.0000
81.0000
114.0000
102.0000
48.0000
9.0000
75.0000
129.0000
105.0000
72.0000
81.0000
129.0000
81.0000
15.0000
60.0000
9.0000
60.0000
141.0000
60.0000
84.0000
120.0000
96.0000
96.0000
99.0000
48.0000
135.0000
0.0000
51.0000
45.0000
138.0000
129.0000
0.0000
75.0000
78.0000
9.0000
15.0000
114.0000
111.0000
12.0000
12.0000
36.0000
72.0000
18.0000
60.0000
27.0000
132.0000
117.0000
135.0000
75.0000
72.0000
114.0000
21.0000
42.0000
108.0000
141.0000
96.0000
54.0000
99.0000
81.0000
30.0000
12.0000
90.0000
6.0000
120.0000
51.0000
6.0000
72.0000
39.0000
90.0000
141.0000
78.0000
141.0000
111.0000
69.0000
66.0000
60.0000
66.0000
141.0000
90.0000
141.0000
51.0000
3.0000
144.0000
6.0000
39.0000
69.0000
135.0000
60.0000
84.0000
84.0000
27.0000
36.0000
45.0000
21.0000
15.0000
27.0000
27.0000
108.0000
141.0000
105.0000
132.0000
51.0000
93.0000
141.0000
114.0000
81.0000
114.0000
69.0000
117.0000
9.0000
63.0000
102.0000
60.0000
63.0000
21.0000
138.0000
69.0000
96.0000
72.0000
39.0000
111.0000
129.0000
27.0000
30.0000
93.0000
15.0000
90.0000
75.0000
69.0000
114.0000
60.0000
78.0000
129.0000
138.0000
24.0000
141.0000
72.0000
45.0000
42.0000
135.0000
33.0000
78.0000
132.0000
3.0000
51.0000
12.0000
102.0000
60.0000
39.0000
12.0000
78.0000
126.0000
93.0000
27.0000
96.0000
123.0000
90.0000
18.0000
60.0000
63.0000
84.0000
93.0000
36.0000
138.0000
60.0000
132.0000
69.0000
9.0000
126.0000
99.0000
45.0000
138.0000
105.0000
72.0000
27.0000
72.0000
111.0000
132.0000
39.0000
48.0000
108.0000
0.0000
132.0000
51.0000
48.0000
117.0000
33.0000
30.0000
12.0000
99.0000
48.0000
120.0000
66.0000
120.0000
72.0000
18.0000
45.0000
87.0000
33.0000
0.0000
75.0000
111.0000
6.0000
21.0000
18.0000
87.0000
141.0000
24.0000
15.0000
129.0000
72.0000
21.0000
51.0000
48.0000
6.0000
126.0000
45.0000
51.0000
144.0000
132.0000
36.0000
141.0000
24.0000
21.0000
18.0000
105.0000
51.0000
81.0000
135.0000
132.0000
42.0000
57.0000
42.0000
117.0000
144.0000
24.0000
87.0000
60.0000
0.0000
132.0000
141.0000
24.0000
72.0000
126.0000
30.0000
99.0000
84.0000
120.0000
144.0000
144.0000
12.0000
36.0000
132.0000
27.0000
81.0000
69.0000
84.0000
12.0000
135.0000
141.0000
114.0000
120.0000
81.0000
141.0000
72.0000
105.0000
45.0000
90.0000
99.0000
27.0000
90.0000
78.0000
96.0000
141.0000
39.0000
54.0000
132.0000
120.0000
51.0000
6.0000
48.0000
90.0000
123.0000
120.0000
81.0000
12.0000
3.0000
129.0000
27.0000
129.0000
21.0000
93.0000
42.0000
66.0000
66.0000
117.0000
87.0000
63.0000
99.0000
48.0000
138.0000
51.0000
72.0000
126.0000
21.0000
27.0000
27.0000
45.0000
63.0000
21.0000
